7.485378540877857256e-01
8.051667017248632652e-01
8.164988255504136427e-01
8.464424694993689657e-01
8.210978036039825456e-01
8.454882292104893837e-01
8.611612151170943141e-01
8.708767178516336749e-01
8.727869513392231271e-01
8.550773033235170573e-01
8.731800413686719997e-01
8.899385166877015196e-01
9.205993198709858660e-01
9.213824323376805792e-01
9.233533603281447455e-01
9.263937824288318579e-01
9.250462329967745756e-01
9.278274435563034217e-01
9.273103351563595220e-01
9.288255065909409858e-01
9.298112992567661994e-01
9.331012918945449375e-01
9.291855104473425442e-01
9.331957299116533378e-01
9.338811176553077908e-01
9.344047994671154100e-01
9.352724898331229442e-01
9.351876928200812955e-01
9.357113746318889147e-01
9.361980262235309880e-01
9.363581983592763613e-01
9.362694572991164810e-01
9.363273033235169907e-01
9.364153870424904991e-01
9.368720200532884013e-01
9.368926167437946484e-01
9.369090502734539472e-01
9.369083929322675752e-01
9.369136516617585508e-01
9.369349056934510589e-01
9.369633904781937694e-01
9.369844253961575609e-01
9.369660198429392572e-01
9.369855209648015881e-01
9.369631713644649418e-01
9.370326304164913189e-01
9.370313157341185750e-01
9.370378891459822945e-01
9.370350406675080901e-01
9.370354788949656344e-01
