1.185502171516418457e+00
1.053065657615661621e+00
9.806167483329772949e-01
8.947511315345764160e-01
9.086829423904418945e-01
8.471656441688537598e-01
8.325338363647460938e-01
7.929092645645141602e-01
7.890514135360717773e-01
7.875001430511474609e-01
7.399487495422363281e-01
6.913498044013977051e-01
6.303781270980834961e-01
6.181799173355102539e-01
6.103430986404418945e-01
6.029712557792663574e-01
5.969194173812866211e-01
5.916029214859008789e-01
5.866406559944152832e-01
5.835076570510864258e-01
5.780847072601318359e-01
5.710494518280029297e-01
5.703437924385070801e-01
5.595185160636901855e-01
5.584750175476074219e-01
5.576276183128356934e-01
5.569602251052856445e-01
5.563663840293884277e-01
5.558301806449890137e-01
5.553298592567443848e-01
5.548563003540039062e-01
5.544064044952392578e-01
5.539546012878417969e-01
5.534862875938415527e-01
5.523663759231567383e-01
5.523223280906677246e-01
5.522753596305847168e-01
5.522304773330688477e-01
5.521843433380126953e-01
5.521396994590759277e-01
5.520955324172973633e-01
5.520461201667785645e-01
5.520000457763671875e-01
5.519570112228393555e-01
5.519105195999145508e-01
5.517992377281188965e-01
5.517948269844055176e-01
5.517905950546264648e-01
5.517863035202026367e-01
5.517818927764892578e-01
